date : 03/03/2024 15:05:14
file : ../data/auto93.csv
repeats : 20
seed : 31210
rows : 398
cols : 8

names                      	Clndrs       Volume       HpX          Model        origin       Lbs-         Acc+         Mpg+      	D2h-
mid                        	5.45         193.43       104.47       76.01        1            2970.42      15.57        23.84        0.54      
div                        	1.7          104.27       38.49        3.7          1.33         846.84       2.76         8.34         0.16      
#
smo9                        	4            90           48           80           2            2335         23.7         40           0.19      
smo9                        	4            90           48           80           2            2335         23.7         40           0.19      
smo9                        	4            90           48           78           2            1985         21.5         40           0.19      
smo9                        	4            85           65           81           3            1975         19.4         40           0.24      
smo9                        	4            85           65           81           3            1975         19.4         40           0.24      
smo9                        	4            86           65           80           3            2110         17.9         50           0.25      
smo9                        	4            85           70           78           3            2070         18.6         40           0.27      
smo9                        	4            79           58           81           3            1755         16.9         40           0.31      
smo9                        	4            79           58           81           3            1755         16.9         40           0.31      
smo9                        	4            71           65           74           3            1836         21           30           0.32      
smo9                        	4            81           60           81           3            1760         16.1         40           0.33      
smo9                        	4            78           52           78           3            1985         19.4         30           0.35      
smo9                        	4            85           65           79           3            2020         19.2         30           0.35      
smo9                        	4            83           61           74           3            2003         19           30           0.36      
smo9                        	6            262          85           82           1            3015         17           40           0.38      
smo9                        	4            141          71           79           2            3190         24.8         30           0.39      
smo9                        	4            98           80           79           1            1915         14.4         40           0.39      
smo9                        	4            120          88           82           3            2160         14.5         40           0.39      
smo9                        	4            122          80           74           1            2451         16.5         30           0.43      
smo9                        	4            79           67           74           2            1963         15.5         30           0.43      
#
any50                        	4            97           52           82           2            2130         24.6         40           0.17      
any50                        	4            90           48           80           2            2335         23.7         40           0.19      
any50                        	4            90           48           80           2            2335         23.7         40           0.19      
any50                        	4            90           48           80           2            2335         23.7         40           0.19      
any50                        	4            90           48           78           2            1985         21.5         40           0.19      
any50                        	4            90           48           78           2            1985         21.5         40           0.19      
any50                        	4            90           48           78           2            1985         21.5         40           0.19      
any50                        	4            90           48           80           2            2085         21.7         40           0.2       
any50                        	4            90           48           80           2            2085         21.7         40           0.2       
any50                        	4            86           65           80           3            2110         17.9         50           0.25      
any50                        	4            89           60           80           3            1968         18.8         40           0.26      
any50                        	4            85           70           78           3            2070         18.6         40           0.27      
any50                        	4            85           70           78           3            2070         18.6         40           0.27      
any50                        	4            72           69           71           3            1613         18           40           0.27      
any50                        	4            91           68           82           3            2025         18.2         40           0.28      
any50                        	4            98           70           82           1            2125         17.3         40           0.31      
any50                        	4            79           58           81           3            1755         16.9         40           0.31      
any50                        	4            85           52           76           1            2035         22.2         30           0.31      
any50                        	5            121          67           80           2            2950         19.9         40           0.31      
any50                        	4            97           46           73           2            1950         21           30           0.32      
#
100%                        	4            97           52           82           2            2130         24.6         40           0.17      


date : 03/05/2024 09:05:40
file : ../data/auto93.csv
repeats : 20
seed : 31210
rows : 398
cols : 8
best : 0.17
tiny : 0.06

#base #bonr9 #rand9 #bonr15 #rand15 #bonr20 #rand20 #rand358
#report8
#
 0,              rand358,  0.17,  0.00, *                   |                   ,  0.17,  0.93
#
 1,               rand20,  0.30,  0.08,     --*-            |                   ,  0.17,  0.93
#
 2,               bonr20,  0.32,  0.08,      --*-           |                   ,  0.17,  0.93
 2,               bonr15,  0.33,  0.05,       --*           |                   ,  0.17,  0.93
 2,               rand15,  0.34,  0.07,       --*-          |                   ,  0.17,  0.93
 2,                bonr9,  0.35,  0.09,       ---*-         |                   ,  0.17,  0.93
#
 3,                rand9,  0.35,  0.06,         -*-         |                   ,  0.17,  0.93
#
 4,                 base,  0.55,  0.20,              -------*---                ,  0.17,  0.93
